-2.4      -2.1        20       250  0.996938         0         0
-2.1      -1.6        20       250  0.998109         0         0
-1.6      -1.2        20       250  0.997838         0         0
-1.2      -0.9        20       250  0.998962         0         0
-0.9      -0.6        20       250  0.998885         0         0
-0.6      -0.3        20       250  0.999629         0         0
-0.3      -0.2        20       250  0.999299         0         0
-0.2       0.0        20       250  0.999368         0         0
0.0        0.2        20       250  0.999651         0         0
0.2        0.3        20       250  0.999561         0         0
0.3        0.6        20       250  0.99971          0         0
0.6        0.9        20       250  0.999033         0         0
0.9        1.2        20       250  0.998721         0         0
1.2        1.6        20       250  0.997566         0         0
1.6        2.1        20       250  0.99823          0         0
2.1        2.4        20       250  0.997183         0         0
