-2.4      -2.1        20       250  0.980952         0         0
-2.1      -1.6        20       250  0.98442          0         0
-1.6      -1.2        20       250  0.988484         0         0
-1.2      -0.9        20       250  0.99193          0         0
-0.9      -0.6        20       250  0.992614         0         0
-0.6      -0.3        20       250  0.991725         0         0
-0.3      -0.2        20       250  0.972815         0         0
-0.2       0.0        20       250  0.992566         0         0
0.0        0.2        20       250  0.993984         0         0
0.2        0.3        20       250  0.981992         0         0
0.3        0.6        20       250  0.989246         0         0
0.6        0.9        20       250  0.997737         0         0
0.9        1.2        20       250  0.989637         0         0
1.2        1.6        20       250  0.987895         0         0
1.6        2.1        20       250  0.994586         0         0
2.1        2.4        20       250  0.986675         0         0
