1.2       2.4       10        20        1.01667343202       0.00749941291356    0.00749941291356    
1.2       2.4       80        250       0.998633550815      0.0161046732676     0.0161046732676     
1.2       2.4       20        30        1.00034567564       0.00183394099137    0.00183394099137    
1.2       2.4       50        60        0.990399272786      0.00139411114766    0.00139411114766    
1.2       2.4       40        50        0.994208092022      0.000692601935025   0.000692601935025   
1.2       2.4       60        80        0.989491025997      0.0305766917124     0.0305766917124     
1.2       2.4       30        40        0.997057003542      0.000994938152559   0.000994938152559   
0         1.2       10        20        0.985697042719      0.00915170946084    0.00915170946084    
0         1.2       80        250       0.978081310976      0.038770167453      0.038770167453      
0         1.2       20        30        0.995260244733      0.00168375152816    0.00168375152816    
0         1.2       50        60        0.995850098024      0.00171679343074    0.00171679343074    
0         1.2       40        50        0.997539099917      0.00243816085811    0.00243816085811    
0         1.2       60        80        0.995653186063      0.00123129353146    0.00123129353146    
0         1.2       30        40        0.997578178331      0.000722488804926   0.000722488804926   
