1.2       2.4       10        20        1.00647880469       0.010416115534      0.010416115534      
1.2       2.4       80        250       0.963020272454      0.0332222599339     0.0332222599339     
1.2       2.4       20        30        0.957766271665      0.00225320255925    0.00225320255925    
1.2       2.4       50        60        0.954470591138      0.0033246016759     0.0033246016759     
1.2       2.4       40        50        0.955344250742      0.000707723438036   0.000707723438036   
1.2       2.4       60        80        0.967563806342      0.0226582578751     0.0226582578751     
1.2       2.4       30        40        0.957653699039      0.00121596679738    0.00121596679738    
0         1.2       10        20        1.00544550883       0.0122134975216     0.0122134975216     
0         1.2       80        250       0.977533438575      0.0131518910448     0.0131518910448     
0         1.2       20        30        0.991975071287      0.00198704019937    0.00198704019937    
0         1.2       50        60        0.99339419657       0.0239488567629     0.0239488567629     
0         1.2       40        50        0.992800682835      0.0278679484755     0.0278679484755     
0         1.2       60        80        0.988981796125      0.023250960694      0.023250960694      
0         1.2       30        40        0.992219832549      0.000818982893969   0.000818982893969   
